Y -0.4944737508933831 -0.6507733750781141 0.42962238755367 -0.3104109651884197 0.5221719966218263 0.6679258410969358 1.9520382952913704 -0.134573169036799
F -0.234585928878556 -0.6953556766347481 0.921300365301425 0.57283079509814 0.5817068989612143 0.8587002660749286 -1.05605202881433 -0.20289128669527287
d 0.3631852309571117 -0.30344670497171916 -0.35800310813193675 0.3459395160178464 0.6018646368684668 -0.11028716273778462 -0.2563192140033762 -0.02377186867888788
N -1.1246195538787795 -1.0205112248408577 0.7255674927286611 0.333811888235661 -0.20364919646986077 1.0735456505692653 0.33688560592859956 0.35138163021980123
h 0.4230031113488671 -0.9097959565601625 -0.04106378136181306 -0.7253243167368804 -0.7290681291034297 -0.2244620383016184 0.5162162464607922 -0.3004644880665254
( 1.791316863834999 1.7710599909676676 -1.3768461433580008 4.270318899871788 -1.3873388642421252 -0.05315832754001785 1.6313449929377255 -0.3213387759842495
C 0.02380279990669641 -1.09066085816191 0.597551135864857 0.14977813159335915 0.2094212083891521 -0.3576502987973734 -0.0349832833443059 0.47554901454600157
w -0.3899962739589656 -0.34341577501454784 0.10153978987776459 0.2183699091789611 -0.6983163486599349 -0.41945633646615366 0.33631780434805614 -0.9695577919922224
@ 0.48437267314945665 2.3815161719958295 1.581538306092887 1.4550320519704318 2.173379381674553 0.5009438117657972 -0.3140523725901395 0.03142560752055319
V -1.2794557676807867 -1.0864479130760187 0.2106717778761398 1.0182820097568914 0.07589547117626624 0.6251654253347652 -0.4799190312903632 -0.5879551544479165
z -0.32702287160536364 -0.49457369161656634 0.2431278302810139 -0.23750139592239264 0.6855449404868829 -1.7273862561812356 0.6278820245406348 -0.7688489253853505
Z -1.7223707833576558 -1.0712038902946546 -0.7709567078582356 0.2939889060352679 1.5486410834143112 0.3966541194680477 1.6556359867410317 0.552998033162878
e 0.7649268873157412 -0.4165669417855851 -0.6882109897583463 -0.15097480920392994 -0.1662622478346887 0.3806832898286217 -0.04774855310666807 0.17963760842861257
i 0.658666397165816 -0.892137046868804 -0.13405127219162075 -0.0769237653125701 -1.0059204353553393 0.19749856977659933 0.274122422415621 -0.3743384971096594
y 0.20405790353101216 -0.2651829606799896 -0.051950242480043755 -0.5544830822220923 0.8542447641374067 0.10319968245910371 1.6292027093812602 -0.3042051390081789
T -0.2933889595101487 -1.1748011337487443 0.2251163812519592 0.5690752388589733 -0.06379151267877373 -0.30182823678154846 -0.1602164460976001 0.6999071678803643
q -1.8595057797892456 0.09654569012346083 -1.5667365566119518 0.5951718523776484 1.1685323503687752 -1.7355654137102827 -1.3907039355400317 1.5060699496230772
+ 0.4603320291577358 0.28239676820515575 -0.25664980489225425 0.14069532151428196 -0.16881961873153994 -1.68303191413711 -0.020983076859451222 0.34284523292985397
O -0.3309740898235415 -0.7471039047047828 0.9843867440469236 -0.593274363936475 -1.1829781294642223 0.6357784151768814 0.36319143770605056 0.20928670219904708
l 0.44353640087788154 -0.7207141996679163 -0.4591226737172273 0.18749149276710428 -0.39018125234827117 -0.4185959421420072 0.04109464682327437 -0.8647828099696288
] 0.9961474788327025 0.4097839093437303 1.1115198580764822 -0.2118038224232466 -0.7875562353432035 0.3347384391346531 -0.8164174577330483 -1.2974023637368655
8 -1.1739408764460093 0.901926607706937 -0.6956054234599716 -0.41124602497438895 0.12348336502137859 0.7691984353734652 0.4161212854842673 0.09297320052549106
[ 0.953148298340695 0.43316861290891134 0.34825701724073715 -0.311162899698744 -0.8420765732907687 0.3047639300467323 -0.28486493126073603 -0.08496972504449986
u 0.661405040810184 -0.935874885162538 -0.3128154874299865 -0.6622333268629744 -0.2582331314059607 -0.012928959247305444 0.5893241620751559 -0.4379476038759325
' -0.23048234208852672 -0.5716259297622501 -1.0039992971371865 -2.028660118491919 -1.207466922029409 -1.1112498948069358 1.3861188707796812 1.1549638655356722
H -0.9757981361859277 -0.7720498298257176 0.3355213473431058 -0.07102379448207154 -0.3274509870509882 -0.07857091787049181 -0.05099983437948452 0.4239848580219186
. 0.1728727455265228 1.57317627084397 0.31599102632350096 -0.4967914714137678 -1.5084357951324987 -0.2071098619698941 0.7219518742490524 0.8551051126948886
} 6.157124453233458 -0.259496490384114 -1.4382166280004893 -1.046507420658349 2.3686589141559216 2.1640889291753225 -0.15945624932900274 0.44887062259219807
f 0.434392888364844 -0.4753579101972541 0.16969046759057815 -0.2633087833211219 0.38603676248421226 0.31526402975678386 -0.2803742071945451 -0.17768474008621774
; -0.6682632817328608 -0.1266934879720676 2.8515612598762727 -0.5868529976209405 0.5407806350962998 0.5088271338642557 0.8008624224266537 0.7451119634875237
| 2.4129531024587227 2.159046286265423 1.94338230007009 0.06408635418479751 -0.5917394994599389 -0.603958175624331 -1.04763196706673 1.6013629893181986
M -1.0792618121268571 -0.9308130095576039 1.1695192796519032 0.24180729191025058 -0.42584207879561486 0.3922932458632348 -0.29759090592666554 -0.4521546147735672
* -0.10607983590387127 1.4354778304896676 0.914900610651584 0.17085977911715355 1.1659190069434935 -0.7663142640624288 0.6042281913426533 0.2142258378863385
c 0.36709302422222745 -0.7328565765797929 -0.3394408023924938 0.01358650144858085 0.3678916533958191 -0.8043421762099705 0.19745550388544733 -0.11524256253471438
  2.6501410396881298 -1.287830242555858 -1.3552397560748892 0.21535500103751715 -0.18490701167341464 -0.1044890152962866 -0.0378143270922185 0.4251290702470131
" 0.7433028188285777 1.725514593579539 1.7622979359675661 0.25722561189818755 -0.9123826362072434 0.13146201307892702 0.03291109264283731 0.2548866998578378
/ -0.1549938461248515 0.7003406762800486 -0.8037520604408377 -0.9970193367059886 -1.099054572470747 -0.527412339057668 0.5311729401283574 -0.20197222722782493
7 -1.4882995850505762 1.1064431459418003 -0.6583817223542917 -0.5633221647388766 0.5181134067953643 0.14546951886684684 -0.06063081530646439 0.08280199447713844
A -0.26092625579591927 -1.1516944667901172 -0.4323444479637722 0.26135984509267324 -0.05029842483008083 1.146366554380986 -0.46490832746388977 0.9825648013409949
) 0.40165032498226744 1.2904565259617629 -1.2444594729685454 3.942878926038219 -0.6416266078124812 0.29130837242503405 1.2137354134819254 -0.390856126110924
D -0.4681140178592145 -0.5754702771933401 0.13936964878129007 0.6864082857940927 0.6090897269075091 0.00696098928915098 -0.13718699702703452 0.6992302772605657
S -0.46575345148685016 -0.8023822163216819 0.11389714933468349 0.7541152963247877 1.173169273842891 0.7819504150628124 0.015900542987070047 1.1274559716142747
o 0.5833364346357952 -0.7204672691923931 -0.19981288338093298 -0.3203278395686081 -0.6597792793514461 -0.2039536402586272 0.17355552044356154 0.11965406880460905
5 -1.2467760456979704 1.2153297556478073 -1.0279674445417304 -0.577105825089736 0.552893483563686 0.8018461706152001 0.1030818896614114 -0.3353780901448047
x -0.04539486409769478 -0.770721195975083 -0.3051705974124158 -0.3976821237039894 -0.06503301641403908 -0.3183852427532303 -0.4724909613577508 0.241346337950354
R -0.4557033070063758 -0.7597187333976677 0.3388757855377607 0.43377662721012766 -0.08473773111101318 0.3506878015875756 0.24246365873269451 -0.06900314815211649
W -0.3693106363247385 -0.29817492447780936 1.031708909499075 0.6786154109546826 0.5158178027286117 -0.38488124561897724 -0.22158217183406115 -0.7581905380066837
Q -2.2408307720193577 -0.21139281631257756 -0.054229360688526365 0.45237839869181956 1.2694309105981063 -1.2851756465286666 -0.07491296516104369 0.776312611007351
& -0.28096896611246824 0.719148205233007 0.5735283819485776 -0.22763410685367372 0.5611325752486754 0.09221480345256848 -0.05196442027298867 -0.03859520610727673
6 -1.1299916383045374 1.1107018021042971 -0.91362251092692 -0.6838416509120092 0.22240153687904346 0.6876407411022388 0.22565748000713234 -0.6183955245477105
! -0.30844094484217655 0.903965345694279 0.5936159565515521 -0.9868493495539695 0.31621143805806007 -0.08308969687467196 1.2993749595502875 -0.5746076636349701
? 0.6220772191047618 0.5687772139853504 -0.04284893474200853 -0.2215107403034625 0.14663624303044898 -0.6702676974295788 0.3273951915176365 0.09883511273661423
9 -0.6071706402681589 0.985211684753545 -0.05593138896703034 -0.20597010377085245 0.1082830143802163 -0.28857526960494684 0.38287296528724624 -0.08277748337693927
K -1.091371499510686 -0.6994429606683026 0.9961812060156168 0.3971434232874585 -0.5701979193558552 0.5718412572175297 0.36471260243748127 -0.35827041345283717
U -0.09960970531991079 -0.525946889106628 0.3166026021496283 -0.216050796911276 -0.2920659195845428 0.8838122906084331 0.03672594524473079 -0.3567810521417493
t 0.6077799635176229 -0.5704834682784988 -0.5399395373739182 0.06751297691072632 0.38153292064620287 -0.4047821678863046 0.14542436796906744 -0.05016663214354315
P -0.49878555563241234 -0.4305450968694791 0.12007857623247342 0.3428069239700279 -0.5162536321924557 0.07391655261719607 -1.7682961129144723 0.7037407028592362
g 0.015326931667789643 -0.6228662588521736 -0.34568941193359093 0.2579876306327093 -0.5615154405153829 -0.8832872394746868 -1.2148105668453464 -0.09958487379553191
3 -1.1078625830279853 1.062115117989527 -0.8735578754324174 -0.37245111978016954 0.28968615214942206 0.680657294260212 -0.2710650362991767 -0.5889718281001164
s 0.20051215144575035 -0.7573785882727964 -0.515275034928564 -0.24850710417816085 0.44455627472497067 -0.20801204982463964 0.18650662984320826 0.4571133182534543
J -1.1336326278231978 -0.43767926763348497 0.8424957804537058 0.5054420616607936 0.09365154536044536 -0.07629546631522562 0.10991684620453729 0.11232774117914296
I 0.2733616126583938 -1.4763066723673826 0.3025907094520247 -0.08411688083673943 -1.5863233272475596 1.1838562694926587 0.32339673796201357 0.0920941815690934
B -0.3700870232983787 -0.6124170216382413 0.17810434839941117 0.40099316641439 -0.011276987477521962 -0.2569535396090832 -1.215848057472011 -0.44477864855376453
# 0.7181609411810654 1.3615370688121433 0.7587114878338426 0.027757230447462984 0.45355846176610454 0.1472281369045819 -1.2656166591899214 -0.10751061936793171
^ 1.9059469381564313 0.40735626247427487 1.8400374366662742 -0.4709141687278635 0.8914995935778668 -1.219720201115129 0.5504341199610867 -1.7900039880648975
0 -0.6712705391294937 0.870695239679913 -0.9724601062846558 -1.081894091446185 0.6073589532963893 0.13597282537288527 -0.47685393743950943 0.25935440391092446
E -0.4852422317911287 -0.46011838374955116 0.600652474785111 0.5091748680866296 -0.7834248439387249 1.5356074026397006 -0.5920137557636214 1.2380846312766067
p 0.2802419343376606 -0.07606281252531061 -0.8883624844740121 0.022561276146219295 -0.3705502746434423 -0.4779900365307576 -1.5555965008959314 -0.1897217166837601
r 0.1120216048039703 -0.7657072135541744 -0.7167625095823914 0.024818416610681 0.2366389153408898 0.17613029408410436 0.2736759243026051 -0.3510501652257339
_ 0.8170158578248465 0.4739620627611024 0.3145768344421677 0.0022922903767683984 -0.059622312035594184 -0.0633125926517833 -0.437748819314692 -0.20070747369448508
k -0.1939309170513513 -0.4710097984521388 0.0978054153478652 0.12555585011578382 -0.7168596588689864 -0.21119499623828653 -0.4767665314612921 -0.8199748217588548
m -0.23632870574250775 -0.5283539884902323 -0.14671608867744065 -0.5004988166024135 -0.3333630202571178 -0.30317119797853004 -0.16734138138670712 -0.12171287459713556
, -0.8003793371318241 0.8351051491554716 1.0376800173602463 -0.41604255774312754 -0.33386179250193515 1.1981561550203164 1.0886808916714823 1.7330690616061786
4 -1.2923670467151103 1.234408355362267 -1.0234441523626663 -0.42047468098242086 0.19918910520304048 0.5523665410552553 -0.015884831646898745 -0.5600500792954659
v -0.36305837944698305 -1.2697048882452708 0.06293545733339127 0.06848902914661195 0.22691318264637717 -0.6987851454989091 -0.06675965652523773 -1.0578286951791893
G -0.8821306691467358 -0.6683333676470915 -0.045184377632164464 0.3236989345583496 1.0330486766784504 0.048609443164045064 -0.5802239926924262 0.30781231939030607
n 0.21994157271192644 -0.6457773256546258 -0.38139870742905696 -0.022159249305658716 0.014783657283754371 -0.07441053942382309 -0.03731982014818685 -0.10747532409715453
a 0.7270201828020627 -0.6868015401604008 -0.6947092304721365 -0.2143018924260524 -0.39437859328589064 0.4607629407579421 -0.15924346942938492 0.014456431298727306
X -1.1618427116481376 0.8069674029512788 -0.332679385759511 -0.1363083855983407 -0.30616245514884266 -0.12097013746872667 -0.5549639902600996 -0.44471814635508394
2 -0.8479689969419733 1.3000545850606058 -1.3678148284558262 -0.03940040067997776 0.3554758416112904 0.9132405108002576 -0.7393319605731798 -0.35486036538172555
L -0.41246868251543456 -0.15061939568286714 0.10141293071535028 0.1932130234113466 -0.27882641893568577 0.11435922312063929 -0.005174550841181323 -0.6124582625126712
1 -0.840500486141334 1.246512769923585 -1.0440204407703202 -0.5649344257866371 0.2673341328290542 0.8458520788594179 -0.5132118886595085 -0.3549373679228054
~ 1.2619132608617012 0.8817814458040595 0.9146608835462167 -0.10521145888819626 0.7500201995582504 -0.07743568306861619 -0.5412835686135842 -1.813747817913634
% 0.6826672648235671 0.5612845749193361 0.13823864661396928 -0.3164119321106237 1.2076450157540841 -1.8083315751454838 1.3091296521472968 0.7354452770417005
- 0.5332589523617061 0.3477746144129696 -1.069369409672587 0.21200062170122536 -0.3884433425055496 -1.580064430058484 -0.29513634773652747 0.5846596796926062
{ 2.33880816904906 -0.18120934095252356 0.2936178073576689 -1.607300671612674 -0.29366900936125906 -0.5601239699888826 -0.2556102341264661 -0.043845916001910984
j -1.1121484596444562 -0.3724268404816852 0.6410105528295025 -0.06181860626307534 -0.6230541821441417 -0.5754577461993456 0.007193112174878794 -0.9359955895784214
$ 1.184391005956112 1.3107713685920657 0.6840071245786608 0.1717828707642012 -1.2131030586967324 -0.6340092129161995 -0.28262874975309626 2.0180061643599316
: -1.3658827710913266 3.3841505711423423 -1.304998116446493 -1.7558597954974235 -1.2814379329109256 0.6057063988584992 -0.33981416370992473 -0.4261792858781721
b 0.1469557077219548 -0.9886310188381235 -0.09457918036707393 0.49757611415441627 -0.033090101230951505 -0.2776226966004671 -1.3921154861272922 -0.33258624506728146
` 1.9815947254459114 -1.1913300235891784 -1.0310690601349106 0.08035758367342577 -0.22981864954904513 0.20080438454209634 0.416551582701731 0.06174347219251566
