t -0.9451305009730046 -0.36794366812025253 0.41563269644168005 -0.029878693697980494 0.22137096048449248 -0.21485305551339842 -0.008404960976247154 -0.03535923134755598
h -1.0403169628746618 -0.3698589925480323 0.3252813084529188 -0.024444773760723695 0.3612083535104615 -0.2683602337848805 -0.006280650461116455 0.06617107263153363
e -0.9728820833655825 -0.3695819269753482 0.413084898523541 -0.0480441019183365 0.20452166195623597 -0.25096659240408586 -0.02221518721514398 -0.021720797327900093
, -1.0846944787967479 1.0213004471020855 0.0209277827555786 -0.6277700447010619 -0.2601763597216378 0.413788367216896 -0.010984080937092017 -0.02645760176059487
. -0.8647384315355178 1.151212227892539 -0.05774995963145388 -0.12936756679773298 -0.5095917257147905 0.2142001422363184 -0.05860680502616315 0.13760295513845508
o -0.9887149441326593 -0.35099423940159513 0.35908392283145363 -0.0336740543838338 0.24929935165556247 -0.26025164844713194 -0.04713937975275514 -0.0077544240725454785
f -0.9472895515217233 -0.3616258529608919 0.39231921294158667 -0.06804808097181002 0.22370798863868888 -0.21242016423235874 -0.018493349202238905 -0.05038876573894819
a -1.0288233520700405 -0.3570579869618514 0.36145770517322356 -0.03313824084601861 0.366147965551534 -0.28577670468401206 -0.030156088012011632 0.057609602115126765
n -1.0059047673064674 -0.3567782287342962 0.4158674605114942 -0.02465241583806124 0.26582700043610635 -0.2679947629093538 -0.01834168827065493 0.00019787012036933432
d -0.9764316133132549 -0.3590827854637933 0.44629620809246123 -0.05178588327710984 0.22624861754370099 -0.2568362161128849 0.039803418424560505 -0.002983820311114047
i -0.9927099344655824 -0.3693442777360088 0.4120368731107408 -0.02876575010027578 0.2802856926065505 -0.25498810443643777 -0.034249337246675414 0.014023206410428469
" 4.050366059656202 -3.2489169972314325 3.2604268101806047 0.20786847959101185 -0.5201650924333044 0.6025069011255519 -0.4238527249172829 -0.6822524557370504
' -0.8717255241206903 -0.5257510713021364 0.1869088545017169 -0.12990790119862783 0.35533401553610816 -0.15919684559158187 -0.1851124538403597 0.04466439416885391
s -0.9538765461572122 -0.3555909245232758 0.3931289078916001 -0.0304548375680726 0.21624532183541362 -0.2415183951033412 -0.0333338565202123 -0.0002806415898277449
r -0.9909830378289455 -0.36345190032508956 0.39746754760506087 -0.04595188302739887 0.25932532804315583 -0.2581330079556349 -0.031115117473915717 -0.008068718951271703
- -1.0949033407857547 -0.0189214977458888 0.14973546196631007 -0.1726905964727147 0.13419058814158039 -0.01271202651385674 0.19829145111843854 -0.22648413759008254
w -0.973094399808891 -0.35867864876419586 0.2404015373203023 0.041035886490618304 0.18332528269501752 -0.224938106976095 0.026765003753315673 -0.007600023556369757
b -1.0178103035342152 -0.3469951356676487 0.35106670445072624 -0.04806625414990309 0.30622777775462123 -0.27758372850084195 -0.016742070716079072 0.030895305567132315
y -1.0195116145500414 -0.3850192198997309 0.3907239324751188 -0.03014068452679409 0.25728255040317805 -0.29431603217655333 0.005639509714091283 0.037265082245080225
( -0.002570611965424188 0.11252762504236231 -1.4781305155904831 1.99506889625522 -1.5426239618771678 -0.8148150477159312 -0.6572340893983752 0.19608301037793574
) 0.0023171591138357243 0.1088018449305891 -1.4607060934152627 1.9853970962362195 -1.5281055081135961 -0.8310111087258917 -0.6545053817782166 0.20151714394220452
m -0.9856837447797676 -0.34567463030929285 0.34048734053451324 -0.04889967405448149 0.31283370771902935 -0.2250690830582432 -0.027906348716423886 -0.006858713006100971
` 1.6609748969515534 -2.221086637197608 1.6455307891068784 0.05440695948824864 -1.4142444130313916 0.40044318431747017 -0.026014132382061114 0.8777601269878847
v -1.0086550577632698 -0.32523818296452606 0.3532945196624122 -0.024633585035475077 0.2935674318003612 -0.25785565837971824 -0.02539019233504456 0.04028545428067365
u -0.9995893445697835 -0.3612698120758493 0.3705453522388639 -0.05988535915900381 0.30159013198945395 -0.24309066501975404 -0.04352380008207165 0.057641394282494374
c -0.915960002672844 -0.3671897041639257 0.3811660166127988 -0.02346316465731213 0.23253854759187217 -0.2532364331319271 -0.037663922356700005 -0.06320000477844531
l -1.0060337416604619 -0.35640086846562413 0.39030927851000097 -0.04812321400422186 0.25561237446589885 -0.29599997492281144 -0.037719542397555525 0.004054418133598356
: -0.0783163188930777 0.28153826390761344 -1.33898961161528 0.015579278330382343 -0.3040940065443731 -0.07903366112389257 0.1748298492717549 -0.11383532270609445
p -0.8883967810326874 -0.361321369394184 0.39089006084068045 -0.04594333388855007 0.23365084621717402 -0.19564151854260248 -0.016083699233869493 -0.028441198887593073
g -1.0107450607073338 -0.37423450028101796 0.4167451520840213 -0.04523973186847295 0.23540183326978725 -0.2613537508776233 -0.004387219600341561 0.030056187326968957
$ -0.3527635996913216 1.7348748293779706 0.3484436621264243 -0.7573034710583133 -0.5936710347324987 1.2737606950658025 0.09477573248332323 -0.26935751577138395
; 0.10430107008320155 -0.016021092538035808 -0.2948854477693269 -0.09768784433772429 -0.41609843784813466 0.2419843306373161 0.12205686966706364 -0.46878271837248836
_ 0.04125920439641314 -0.8127628309754673 -0.7453541966775817 0.8203588575607771 -0.1979871838788241 0.3356202743704636 0.30932282123236393 -0.13583328020349603
k -1.1208680088684202 -0.3348986270101588 0.2738250077209737 -0.042562717351166277 0.38116803862370874 -0.26957021950286353 -0.0001895247367037385 0.10607227763364403
j -1.0699022352111027 -0.32812988938660126 0.24291712644860583 -0.026185934350464478 0.48157256424961237 -0.2891947703779889 -0.021677490342794436 0.11159236830486498
1 -0.8962051732108077 0.8528414015955931 -0.08030865898389529 -0.3274186623154249 -0.3422375134352912 0.172014544518207 0.06261055626178871 0.0047718847463988755
x -0.8451116951749528 -0.3372793951572199 0.3125517457438017 -0.0344772672845782 0.2559262967417772 -0.16520022932750306 -0.051181344327117996 -0.08341642162919338
? -0.02228107421175494 -0.5629993522072708 -0.47770915287832627 -0.1448809027171046 -0.4287308415209575 0.29164934332240056 0.09124067299240167 1.0505222865205182
0 -0.9014594211317112 0.813294836416397 -0.03728241462239928 -0.5150283561052524 -0.3397200996356496 0.31082112451078053 -0.05065537663771656 -0.06767820149185881
2 -0.8635543533563389 0.9457717162059828 -0.1375053285767341 -0.3365159748176133 -0.30693345204563377 0.21816185466815582 0.06278524638670589 0.016039331781179618
q -0.9083202361672671 -0.35012078018653453 0.2892812788989999 -0.08811370319220452 0.3295284439307233 -0.2728826792157917 -0.038191449034156826 0.01429548017011936
% 3.7033369544806045 4.109013095787994 3.8168771004074467 1.3784744735394503 -0.21990473472625763 -0.6252743119273125 0.3130333045253897 0.2308976562371713
/ -0.3171577991184935 -0.13388393022472367 -0.6208354112610689 0.24217566810176738 0.0008186009628047429 0.42675589472347075 0.06752457000888872 -0.14634750568035026
3 -0.9000246492254063 1.0069335678138507 -0.15600594301311754 -0.3244692417519982 -0.3552199112285002 0.17045752637016812 0.0737687831294884 0.0377516094676424
5 -0.9063031422750515 1.0442484151656743 -0.12030542961921153 -0.37176636857619455 -0.3990953627076477 0.21643607253575836 0.04444800534263966 0.02170142464096771
4 -0.9226033794334904 1.0102350458732414 -0.14742479131659855 -0.32065567809498063 -0.3657976281897657 0.17657707096323436 0.07341517892503005 0.042631777547243746
8 -0.9368952218920052 1.0316303609277457 -0.08637465482584605 -0.2806001208240534 -0.41298461521409646 0.18482565395866826 0.05877203708401907 0.050495283698309745
6 -0.9398040074047446 1.0554861015891752 -0.12629588912767287 -0.32108333343495055 -0.40590765595125666 0.18502044777874566 0.062286066196332174 0.06319613449913501
7 -0.9447293382267391 1.0467491165855243 -0.11192320762125273 -0.3158964705658061 -0.4307230156376463 0.1741518672773578 0.056981058057496044 0.05441227235549372
9 -0.8938521909568069 0.9585867271982306 -0.003185069024209074 -0.2915885121073306 -0.3261688866504258 0.15264579469476125 0.05673251499190406 0.10732823006167855
& -0.9095785880816533 -0.2511790021782935 0.10431505664882702 -0.09368517806824314 0.5227025875877249 -0.13658626953989272 0.20724000141978288 -0.49715608501595854
z -1.1287260666329186 -0.34587753884776457 0.2929075313859791 -0.04066235610846007 0.40486899754348427 -0.312369700106361 -0.0469938327840937 0.11664892653875052
! 0.5054108003858534 -0.9571951656062581 -0.17188433774575546 -0.4757131275827831 -0.39439996179601766 1.548247043836514 -0.20230288409478087 1.3201882547447616
= 1.3309901900700505 0.2589804105824708 -0.9470157754412838 0.10077639021211576 0.9268995734826807 0.30107907532553163 -0.499792230560021 -1.1754968572004632
# 0.26154325337115497 -0.3308320843549195 -1.0248390533782157 0.6276186257889723 0.020000131415528182 0.30565606023050834 0.07514058763180477 -0.24194064216282032
[ 1.1599971392988309 -0.8748585764877584 0.3313082006501282 0.8997436816317412 -0.8400032495640912 0.5125232748309966 0.5319757042685369 -0.8301725999897382
+ -0.19398903327914258 0.6412716780642493 -0.539748559773459 0.17472234988407512 0.31955244978453085 0.3158532864105873 -0.3353619535447331 0.05339156129388797
| 2.1417598200210985 0.12800420446112024 -0.6707392444947156 1.659224204207512 1.6936571109655136 0.699712951932035 2.16034242137996 0.9269475335961813
] 1.2095055531149168 -0.7220796280852328 -0.8577010229137925 1.2862905884804856 -0.049445653530836124 0.5242377182994039 0.5769878909640537 -0.6966969273167113
~ 3.252286494117223 0.7448429992510163 0.2935950561394747 -1.22870690720793 0.2408292847094323 0.9920401334968917 -0.8368808639720436 -0.25925065566363237
\ 3.5812314281229964 -1.291069849049624 -1.349036113901962 -1.7621836633712031 -0.77916930803745 -1.2403494194500844 0.3164394459070743 0.7438165349129259
{ 3.7462413343313674 0.3071439374143997 -0.6928648275874721 -1.7079869793192894 -0.717444012766005 -0.9473037432572363 0.7680488860777425 -0.2558934212566506
> 3.4656095285159534 0.6907609924921405 -0.6059384145507538 0.8327426575454783 1.1732584333790044 -0.164795896008827 -0.7296732184795147 0.41660593500833715
} 3.643395812090621 0.083041871014239 -0.8729920889416183 -1.006382766704411 -0.11305217672017663 -0.6828428864630242 0.7385255362895919 -0.3130486520479914
* 0.6904355688319853 -0.7109728478827058 -1.6410638274066893 -0.07543757311241565 0.959011167840253 0.8183588046387651 -0.6610849845623146 0.38199956217629405
@ -0.16089454659572086 -0.34100589506755863 -0.862216317253569 0.6610887938720557 -0.9321302163726954 0.5508381333594974 -0.0035516610562468303 -0.647965708510176
< 3.75329772056412 1.0258922158794135 -0.48596551212197375 0.25687678298214944 1.2138970366634176 -0.16446822332223504 -1.565385143803684 0.43556680777055934
^ 2.4962558238135117 0.11419161188800901 -1.3238612299059684 -0.3994867339344107 0.546391971899946 -0.2615766973122949 0.14859491327898844 -0.7319773077604023
